=== Training Metrics ===
train_runtime: 5425.0636
train_samples_per_second: 0.653
train_steps_per_second: 0.082
total_flos: 3.5319897091862016e+17
train_loss: 0.3269278232578759
epoch: 3.0

=== Learning Curve ===
loss: [0.4382, 0.4747, 0.4947, 0.5001, 0.3673, 0.3625, 0.4017, 0.3575, 0.3243, 0.3451, 0.3806, 0.2905, 0.3147, 0.3396, 0.3175, 0.2867, 0.2961, 0.3185, 0.3172, 0.2882, 0.2972, 0.3535, 0.2704, 0.2829, 0.2935, 0.3323, 0.281, 0.3021, 0.3361, 0.298, 0.2742, 0.2855, 0.3174, 0.2933, 0.277, 0.2995, 0.3309, 0.2694, 0.2825, 0.308, 0.3003, 0.2722, 0.2907, 0.3283]
learning_rate: [4.000000000000001e-06, 8.444444444444446e-06, 1.288888888888889e-05, 1.7333333333333336e-05, 1.999504084089339e-05, 1.9939306773179498e-05, 1.9821986184473757e-05, 1.964380602355277e-05, 1.940587034087714e-05, 1.9109653447608607e-05, 1.875699078039601e-05, 1.8350067528534026e-05, 1.789140509396394e-05, 1.7383845468013656e-05, 1.6830533621682825e-05, 1.6234898018587336e-05, 1.5600629371310144e-05, 1.4931657772789458e-05, 1.4232128344444251e-05, 1.3506375551927546e-05, 1.2758896347653753e-05, 1.1994322306515926e-05, 1.1217390927447228e-05, 1.0432916278649611e-05, 9.645759168379463e-06, 8.860797026119723e-06, 8.082893680762619e-06, 7.316869223065156e-06, 6.5674701391174475e-06, 5.839339899884629e-06, 5.136990189057187e-06, 4.464772947489413e-06, 3.826853407445848e-06, 3.2271842837425917e-06, 2.669481281701739e-06, 2.157200073678137e-06, 1.693514886817772e-06, 1.2812988347236166e-06, 9.23106114899065e-07, 6.211561822781476e-07, 3.773199969074959e-07, 1.9310843099295206e-07, 6.966290714375934e-08, 7.748325822234392e-09]
epoch: [0.0676818950930626, 0.1353637901861252, 0.20304568527918782, 0.2707275803722504, 0.338409475465313, 0.40609137055837563, 0.47377326565143824, 0.5414551607445008, 0.6091370558375635, 0.676818950930626, 0.7445008460236887, 0.8121827411167513, 0.8798646362098139, 0.9475465313028765, 1.0135363790186125, 1.0812182741116751, 1.1489001692047378, 1.2165820642978002, 1.284263959390863, 1.3519458544839256, 1.4196277495769882, 1.487309644670051, 1.5549915397631133, 1.622673434856176, 1.6903553299492384, 1.758037225042301, 1.8257191201353637, 1.8934010152284264, 1.961082910321489, 2.027072758037225, 2.0947546531302876, 2.1624365482233503, 2.230118443316413, 2.2978003384094756, 2.3654822335025383, 2.4331641285956005, 2.500846023688663, 2.568527918781726, 2.6362098138747885, 2.703891708967851, 2.771573604060914, 2.8392554991539765, 2.9069373942470387, 2.974619289340102, 3.0]
